0 154 31 180 38 74 29 136 151 100
1 110 152 167 29 136 151 100
2 34 95 80 136 151 100
3 24 92 118 18 112 100
4 123 80 136 151 100
5 0 154 31 180 38 74 29 136 151 100
6 95 80 136 151 100
7 84 161 118 18 112 100
8 112 100
9 67 163 133 171 127 138 100
10 169 76 30 176 138 100
11 176 138 100
12 178 163 133 171 127 138 100
13 62 127 138 100
14 112 100
15 38 74 29 136 151 100
16 0 154 31 180 38 74 29 136 151 100
17 63 170 44 127 138 100
18 112 100
19 131 113 13 62 127 138 100
20 0 154 31 180 38 74 29 136 151 100
21 80 136 151 100
22 131 113 13 62 127 138 100
23 118 18 112 100
24 92 118 18 112 100
25 141 169 76 30 176 138 100
26 0 154 31 180 38 74 29 136 151 100
27 99 89 116 59 65 110 152 167 29 136 151 100
28 168 49 44 127 138 100
29 136 151 100
30 176 138 100
31 180 38 74 29 136 151 100
32 33 145 176 138 100
33 145 176 138 100
34 95 80 136 151 100
35 0 154 31 180 38 74 29 136 151 100
36 0 154 31 180 38 74 29 136 151 100
37 151 100
38 74 29 136 151 100
39 113 13 62 127 138 100
40 174 120 123 80 136 151 100
41 0 154 31 180 38 74 29 136 151 100
42 118 18 112 100
43 0 154 31 180 38 74 29 136 151 100
44 127 138 100
45 106 44 127 138 100
46 23 118 18 112 100
47 179 168 49 44 127 138 100
48 8 112 100
49 44 127 138 100
50 126 12 178 163 133 171 127 138 100
51 7 84 161 118 18 112 100
52 14 112 100
53 28 168 49 44 127 138 100
54 112 100
55 56 172 54 112 100
56 172 54 112 100
57 51 7 84 161 118 18 112 100
58 0 154 31 180 38 74 29 136 151 100
59 65 110 152 167 29 136 151 100
60 0 154 31 180 38 74 29 136 151 100
61 38 74 29 136 151 100
62 127 138 100
63 170 44 127 138 100
64 167 29 136 151 100
65 110 152 167 29 136 151 100
66 0 154 31 180 38 74 29 136 151 100
67 163 133 171 127 138 100
68 95 80 136 151 100
69 159 73 127 138 100
70 152 167 29 136 151 100
71 59 65 110 152 167 29 136 151 100
72 167 29 136 151 100
73 127 138 100
74 29 136 151 100
75 0 154 31 180 38 74 29 136 151 100
76 30 176 138 100
77 84 161 118 18 112 100
78 68 95 80 136 151 100
79 1 110 152 167 29 136 151 100
80 136 151 100
81 102 80 136 151 100
82 168 49 44 127 138 100
83 29 136 151 100
84 161 118 18 112 100
85 109 118 18 112 100
86 52 14 112 100
87 65 110 152 167 29 136 151 100
88 172 54 112 100
89 116 59 65 110 152 167 29 136 151 100
90 72 167 29 136 151 100
91 30 176 138 100
92 118 18 112 100
93 72 167 29 136 151 100
94 0 154 31 180 38 74 29 136 151 100
95 80 136 151 100
96 167 29 136 151 100
97 153 52 14 112 100
98 115 131 113 13 62 127 138 100
99 89 116 59 65 110 152 167 29 136 151 100
101 0 154 31 180 38 74 29 136 151 100
102 80 136 151 100
103 54 112 100
104 134 171 127 138 100
105 145 176 138 100
106 44 127 138 100
107 76 30 176 138 100
108 90 72 167 29 136 151 100
109 118 18 112 100
110 152 167 29 136 151 100
111 152 167 29 136 151 100
112 100
113 13 62 127 138 100
114 160 140 102 80 136 151 100
115 131 113 13 62 127 138 100
116 59 65 110 152 167 29 136 151 100
117 171 127 138 100
118 18 112 100
119 47 179 168 49 44 127 138 100
120 123 80 136 151 100
121 123 80 136 151 100
122 11 176 138 100
123 80 136 151 100
124 171 127 138 100
125 74 29 136 151 100
126 12 178 163 133 171 127 138 100
127 138 100
128 161 118 18 112 100
129 17 63 170 44 127 138 100
130 81 102 80 136 151 100
131 113 13 62 127 138 100
132 77 84 161 118 18 112 100
133 171 127 138 100
134 171 127 138 100
135 133 171 127 138 100
136 151 100
137 123 80 136 151 100
138 100
139 82 168 49 44 127 138 100
140 102 80 136 151 100
141 169 76 30 176 138 100
142 102 80 136 151 100
143 50 126 12 178 163 133 171 127 138 100
144 86 52 14 112 100
145 176 138 100
146 78 68 95 80 136 151 100
147 140 102 80 136 151 100
148 0 154 31 180 38 74 29 136 151 100
149 103 54 112 100
150 55 56 172 54 112 100
151 100
152 167 29 136 151 100
153 52 14 112 100
154 31 180 38 74 29 136 151 100
155 154 31 180 38 74 29 136 151 100
156 31 180 38 74 29 136 151 100
157 28 168 49 44 127 138 100
158 150 55 56 172 54 112 100
159 73 127 138 100
160 140 102 80 136 151 100
161 118 18 112 100
162 132 77 84 161 118 18 112 100
163 133 171 127 138 100
164 62 127 138 100
165 122 11 176 138 100
166 55 56 172 54 112 100
167 29 136 151 100
168 49 44 127 138 100
169 76 30 176 138 100
170 44 127 138 100
171 127 138 100
172 54 112 100
173 25 141 169 76 30 176 138 100
174 120 123 80 136 151 100
175 123 80 136 151 100
176 138 100
177 178 163 133 171 127 138 100
178 163 133 171 127 138 100
179 168 49 44 127 138 100
180 38 74 29 136 151 100
181 79 1 110 152 167 29 136 151 100